// opcode reference for ARM mode
// pattern
// mask

// data processing
0000 0000 0000 0000 0000 0000 0000 0000
0000 1100 0000 0000 0000 0000 0000 0000

// multiply
0000 0000 0000 0000 0000 0000 1001 0000
0000 1111 1100 0000 0000 0000 1111 0000

// multiply long
0000 0000 1000 0000 0000 0000 1001 0000
0000 1111 1000 0000 0000 0000 1111 0000

// single data swap
0000 0001 0000 0000 0000 0000 1001 0000
0000 1111 1011 0000 0000 1111 1111 0000

// branch and exchange
0000 0001 0010 1111 1111 1111 0001 0000
0000 1111 1111 1111 1111 1111 1111 0000

// halfword data transfer register offset
0000 0000 0000 0000 0000 0000 1001 0000
0000 1110 0100 0000 0000 1111 1001 0000

// halfword data transfer immediate offset
0000 0000 0100 0000 0000 0000 1001 0000
0000 1110 0100 0000 0000 0000 1001 0000

// single data transfer
0000 0100 0000 0000 0000 0000 0000 0000
0000 1100 0000 0000 0000 0000 0000 0000

// undefined
0000 0110 0000 0000 0000 0000 0001 0000
0000 1110 0000 0000 0000 0000 0001 0000

// block data transfer
0000 1000 0000 0000 0000 0000 0000 0000
0000 1110 0000 0000 0000 0000 0000 0000

// branch
0000 1010 0000 0000 0000 0000 0000 0000
0000 1110 0000 0000 0000 0000 0000 0000

// coprocessor data transfer
0000 1100 0000 0000 0000 0000 0000 0000
0000 1110 0000 0000 0000 0000 0000 0000

// coprocessor data operation
0000 1110 0000 0000 0000 0000 0000 0000
0000 1111 0000 0000 0000 0000 0001 0000

// coprocessor register transfer
0000 1110 0000 0000 0000 0000 0001 0000
0000 1111 0000 0000 0000 0000 0001 0000

// software interrupt
0000 1111 0000 0000 0000 0000 0000 0000
0000 1111 0000 0000 0000 0000 0000 0000
